factScore
0.711525444297
0.171039770264
0.198406133506
0.0
0.198406133506
1.6214570221
0.581535218896
1.61461543129
0.0
0.171039770264
0.198406133506
0.0
0.868882032939
0.410495448633
1.7514472475
0.0
0.0
0.171039770264
0.923614759424
0.0
0.0
1.38200134373
0.0
0.0
0.636267945381
0.184722951885
0.745733398349
0.171039770264
0.171039770264
0.0
0.649951127002
2.00458610749
2.89399291286
1.05360498482
0.0
0.581535218896
0.0
3.48921131338
0.342079540527
0.513119310791
1.90880383614
0.725208625918
2.3329824664
0.0
1.13570407455
0.766258170781
0.171039770264
4.07758812308
0.75257498916
1.77197201993
0.0
0.0
1.34779338968
0.820990897265
0.0
1.54619952318
0.0
2.44244791936
2.03195247073
0.766258170781
2.44928951018
8.24411692671
0.0
1.40936770697
0.171039770264
1.73092247507
1.06728816645
0.0
0.0
0.0
0.0
0.608901582139
0.0
0.554168855654
1.12202089293
0.171039770264
0.0
0.725208625918
3.39342904203
0.0
0.0
3.60551835716
0.0
0.711525444297
0.342079540527
0.437861811875
0.554168855654
0.198406133506
0.0
0.533644083223
0.410495448633
0.0
0.0
0.171039770264
1.95669497182
1.02623862158
1.44357566103
3.60551835716
0.0
0.0
1.38200134373
0.212089315127
0.0
0.608901582139
2.86662654962
0.0
0.0
0.0
0.0
0.0
0.0
0.738891807539
0.0
1.10833771131
0.0
1.66934815777
0.0
0.725208625918
4.24178630254
2.70242837017
0.0
0.0
0.198406133506
0.0
5.2326443229
1.0301481636
2.5840124071
0.271091622
2.35770489772
0.0
0.0
0.46627758984
0.0
3.40732841903
0.0
3.29723542137
0.46627758984
1.70695125176
0.999921673062
0.0
3.17675132925
0.0
4.50638628226
0.713223014263
0.0
0.0
0.0
0.0
0.33615361128
0.608901582139
0.0
0.0
0.0
0.713223014263
7.07682865035
0.0
0.33615361128
0.0
0.46627758984
0.938995511011
0.542183244
0.0
0.878336855279
0.33615361128
0.0
0.0
0.0
0.0
0.0
0.0
4.91871305402
0.33615361128
10.5546511964
8.64585745007
9.71964777951
1.8746371032
12.5755438069
2.42648084419
0.0
0.0
2.17707655195
0.437861811875
0.713223014263
0.0
0.0
0.0
0.271091622
0.0
5.70480662088
0.636267945381
0.0
1.52455341453
6.88802118218
0.355762722148
0.0
0.0
0.0
2.28915523645
0.491185085266
0.458386584307
1.65168351264
1.33672343959
0.271091622
4.48161254
0.496864118748
2.13374311354
3.1351873823
0.0
0.0
0.0
1.90602615106
0.271091622
0.0
3.56708204382
0.0
6.16062119477
1.92874228499
3.74127005826
2.74729492499
4.67877367396
1.29077676964
2.46728349329
0.0
0.0
13.0368935712
6.11545643323
2.92736764757
1.95814564602
8.20041336009
0.0
3.25833601689
5.20333349393
0.0
0.0
1.50726941832
0.0
0.791052523601
66.8849072859
0.0
0.542183244
0.0
1.36574615169
1.90084090911
0.740589377505
2.82527879805
0.271091622
0.29277895176
0.0
0.0
2.65461967671
0.271091622
0.0
0.0
2.18910338472
0.0
0.0
14.9811604508
2.39227289014
0.0
6.4611573989
7.9325932147
7.53280767778
0.0
0.0
0.0
0.0
0.0
0.0
0.927637444047
9.20885358337
9.18763943459
0.0
0.542183244
1.59554133306
0.510547300369
2.07382514511
0.424178630254
0.0
2.36698474579
1.34497448349
1.34497448349
0.451544993496
0.0
0.0
