ZoJ2fM5rCy8,0.143680591747,0.0106380568228,0,0,0.00166112956811,0.0,0.0,0.00110741971207,1
iJWvBCmZPlQ,0.0102811200917,0.00255722519779,1,1,0.0127064616828,0.00165609016165,0.0,0.00430876555332,1
-hbrrPMjnjA,0.0102811200917,0.00296638122944,1,1,0.0243871343751,0.000910647288092,0.0,0.0045350234947,1
6VL8G6PO35s,0.0162951898108,0.0,1,1,0.0470002371354,0.000948541617263,0.0,0.0172160303533,1
IQ8qRjJXWAk,0.0102811200917,0.00296638122944,1,1,0.00547876264813,0.000705860303509,0.0,0.000669687238944,1
DxRUnm_8WX4,0.119123140394,0.0242424948751,1,1,0.00546448087432,0.00242865816636,0.0,0.000910746812386,1
BUb4bBmCQ0I,0.119674561867,0.0086945656725,1,1,0.00400221506242,0.000830648409182,0.0,0.0030960531615,1
m-Ib6NME-DE,0.638337772182,0.0241402058672,1,1,0.00118022625645,0.000741465160725,0.0,0.000722289337603,1
2dk1IKcROZQ,0.0,0.0,1,1,0.0141067770277,0.000902870394559,0.0,0.00316233793018,1
Adh3sTtJF3Q,0.0265763099025,0.00255722519779,1,1,0.014598540146,0.0109489051095,0.0,0.0036496350365,1
i2widy5R-o0,0.0154216801376,0.00296638122944,1,1,0.0197504979558,0.000859628891917,0.0,0.00352238180103,1
IlMshKb7wi4,0.0,0.0,1,1,0.0132259919494,0.0017251293847,0.0,0.0517538815411,1
rmbvY7A2Xhs,0.428619661185,0.0129907040048,1,1,0.0297579018157,0.00353059852051,0.0,0.00655682582381,1
2k3zvI2tyPM,0.0222757601988,0.0061373404747,0,0,0.00322195191737,0.000164238293051,0.0,0.000785174295727,1
IeVX0i5CUwc,0.738259185899,0.0261859860254,1,1,0.0238229436741,0.000958178333897,0.0,0.0144478262503,1
FUq7oHAzumk,0.0,0.0,1,1,0.00295122861464,0.000287266013239,0.0,0.00114169825774,1
1BkdJkC5mbQ,0.0,0.0,1,1,0.00126186149808,0.00087489063867,0.0,0.00154788343765,1
c8u_ncIwhb0,0.0454417797363,0.00255722519779,1,1,0.0376248759131,0.00160093646176,0.0,0.00576681413644,1
uIRBxRlsYR0,0.202346108794,0.0138090160681,0,0,0.00472798703074,0.000753799232736,0.0,0.00142025498814,1
DZO1j2ASSqk,0.0339483121058,0.0,0,0,0.00127456501764,0.000207487328452,0.0,0.000222307851913,1
tRqAAH69wHo,0.0,0.0,1,1,0.000729164985013,0.00072109304791,0.0,0.000799121773243,1
EqHY80iYxXE,0.308458095484,0.0206623795982,1,1,0.00843803540834,0.00115648201028,0.0,0.00137064534552,1
LpcgyjX3-x8,0.0339483121058,0.0,1,1,0.0322590731901,0.000614954868566,0.0,0.0113922995143,1
prOdjgKlZdk,0.017653122295,0.0,1,1,0.0189027494908,0.00114562118126,0.0,0.00528258655804,1
uAvRkx7G314,0.0733592724575,0.00951287773579,0,0,0.00813008130081,0.0,0.0,0.0,1
GrU8UCZbksk,0.0102811200917,0.00276180321362,1,1,0.00329397456038,0.000861501038869,0.0,0.000945961925033,1
a19hrIUqkAM,0.0728580999809,0.0111495018624,1,1,0.000142193572851,9.47957152337e-05,0.0,0.0,1
2txZqantPW8,0.0274330699102,0.00255722519779,1,1,0.012165708076,0.000583105833709,0.0,0.00259747144107,1
at1nk2okxTQ,0.0618825544926,0.00255722519779,1,1,0.00266311584554,0.0,0.0,0.0299600532623,1
fslDl442qjo,0.0,0.0,0,1,0.000509126722476,0.000296295059802,0.0,0.000596763289459,1
i9SbvP48edc,0.241742900502,0.00971745575162,1,1,0.00758817337544,0.000526308776699,0.0,0.00263154388349,1
3fPSk5TSxTk,0.411417462369,0.0299706793181,1,1,0.0306087794831,0.000810683493827,0.0,0.00695654079162,1
8XY841RAY4Y,0.357469919174,0.0432682503467,1,1,0.000651786153956,0.000270152708093,0.0,0.000561507274289,1
kAGtk2x4BSQ,0.278874750722,0.0157525072184,1,1,0.00645379409439,0.000863323251167,0.0,0.00150326915763,1
RYrOA-FnEqI,0.0,0.0,1,1,0.00116036203295,0.000232072406591,0.0,0.00232072406591,1
aGays_WxAo8,0.0359839203211,0.0086945656725,1,1,0.0270965307703,0.000635462795639,0.0,0.00824115813095,1
dWc9bMsLLp8,0.0,0.0,1,1,0.0286772530647,0.000594275605677,0.0,0.00402172561051,1
ET-SgbCnjf4,0.489447040705,0.052167394035,1,1,0.0437402319651,0.000658057086452,0.0,0.00719749938307,1
g0yYw3y_fYE,0.146849961217,0.00511445039559,0,1,0.00058478665293,0.000244587573469,0.0,0.000424692968478,1
8A5wWQWl0W4,0.0805856897153,0.00767167559338,1,1,0.00493618800827,0.0010290570462,0.0,0.00601005160221,1
CxrAso7rZ5s,0.218154294772,0.0285386332074,1,1,0.00116381400528,0.000179600926741,0.0,0.000980621060005,1
sCQ3Dhit9D8,0.198709066178,0.0108426348386,0,0,0.0,0.0,0.0,7.0382591487e-05,1
Ss5xyQhYyLc,0.143078921277,0.0348805516979,1,1,0.00341971446761,0.000722497703721,0.0,0.00175764575905,1
2N2T41G1WOk,0.0,0.0,0,0,0.00404440237501,0.000172102228724,0.0,0.00197917563032,1
UaFI41KC49s,0.0668272805963,0.0169799753133,1,1,0.00327332242226,0.00272776868522,0.0,0.00272776868522,1
q2FZayu3hHY,0.0836403925492,0.0114563688861,0,0,0.0012050859546,0.000419320725019,0.0,0.000725510931851,1
oxj5CzpIBm8,0.0111378800994,0.00255722519779,0,1,0.0215905985242,0.000819896146488,0.0,0.00642251981416,1
oGNH1ixFJng,0.395618282991,0.0609642487154,1,1,0.00113032170273,0.00065843982683,0.0,0.00124554867242,1
9MuGX5Pve6s,0.0754283800038,0.0112517908703,1,1,0.000679215990685,0.000465748107898,0.0,0.00116437026975,1
hF66rL_1jAQ,0.208293179851,0.0264928530491,1,1,0.000860604188274,0.000228023331936,0.0,0.00102978278939,1
XnBrI92VHZ8,0.0,0.0,1,0,0.00174836930939,0.000638827247663,0.0,0.00302602380472,1
gvGdwYGgmMI,0.0,0.0,1,1,0.00239773751947,0.000225428313796,0.0,0.000840232805968,1
-JzmK3-tIvQ,0.310090448194,0.0201509345586,0,1,0.00581879875731,0.000491866383428,0.0,0.0019596889901,1
6CaQTZ6ssHA,0.0942938498376,0.0122746809494,1,1,0.0104399505614,0.00120966681568,0.0,0.00675835590501,1
PzgJhwf8X7U,0.0,0.0,1,1,0.00315825609337,0.00107563794484,0.0,0.00473738414006,1
aUgWhUkkzr4,0.152360277437,0.0231173157881,1,1,0.00540683158881,0.000874229142547,0.0,0.00369775299483,1
Oj3981NSZS4,0.0162951898108,0.0,1,1,0.000691403549205,0.000230467849735,0.0,0.000345701774602,1
f49TliuSX1w,0.279437759817,0.0365171758245,1,0,0.00739821672151,0.000346791408821,0.0,0.00248919166776,1
tv3bXRVmSSg,0.246589709635,0.0303798353498,1,0,0.00279519850166,0.00036890944692,0.0,0.0022276455064,1
sHdm_R_O_DI,0.0956517823218,0.0114563688861,1,1,0.0014091620474,0.000286820593719,0.0,0.000442701351174,1
QOJIwVuMhqM,0.344181764223,0.0366194648324,1,1,0.00636650707956,0.000560252623001,0.0,0.0029285932566,1
hMFqJSFaaAo,1.0,0.123258254534,0,1,0.00289080123653,0.000896761077227,0.0,0.0016208538725,1
wtt2aSV8wdw,0.0,0.0,1,1,0.0391999520451,0.000405219094052,0.0,0.00433832197734,1
tsnZi-Kn4pU,0.244262931529,0.0210715356298,0,1,0.00522325189553,0.000926705981466,0.0,0.00429654591407,1
GqkZBWd6-nI,0.0605246220084,0.00255722519779,0,0,0.00509640066703,0.000281051507373,0.0,0.00131157370107,1
-tKMiRxnRN4,0.153410290365,0.0258791190017,0,0,0.00474039124919,0.00171568577862,0.0,0.0078581645804,1
l1XZeuugMt0,0.146718544915,0.0159570852342,0,0,0.00688269140765,0.00101863832833,0.0,0.00655232222008,1
8VtAteZUs6o,0.116782193644,0.0,0,0,0.00932273979625,0.000672775036842,0.0,0.00454924072532,1
XKGdkqfBICw,0.0,0.0,0,0,0.00162177548008,0.00120226519008,0.0,0.00513755303868,1
dXX3mHuXYG8,0.0,0.0,0,0,0.000537302740244,0.00028428716415,0.0,0.000668074835753,1
SVn59TC2QqM,0.0,0.0,0,0,0.00188608072425,0.000615457920546,0.0,0.00529095276857,1
CqxFPqRiItM,0.12560746428,0.00910372170415,1,1,0.0274396395185,0.00188311251597,0.0,0.0165444885332,1
0GFKqOf8EHQ,0.0,0.0,1,0,0.000813999932888,0.000438932144663,0.0,0.00430597304924,1
x3gltvFTHDw,0.0497088301089,0.00828540964085,0,0,0.00884665792923,0.000819134993447,0.0,0.00655307994758,1
hVCDUTlo0sg,0.35197635262,0.0167753972975,0,1,0.00928763815362,0.00023219095384,0.0,0.00431875174143,1
BhDVqrjxwUE,0.0128514001147,0.00255722519779,1,1,0.00564770572306,0.00418195218497,0.0,0.00489412622043,1
FTOAEzeH100,0.0,0.0,0,1,0.00570784349873,0.00137555483075,0.0,0.00618999673838,1
jsgvKMyMv_E,0.0994344098834,0.0108426348386,1,0,0.00846560846561,0.00021164021164,0.0,0.0042328042328,1
mNj6tUXpzXc,0.427547736547,0.0507353479242,0,0,0.0219358376748,0.00137098985468,0.0,0.00164518782561,1
l2S1mJAxMzA,0.0,0.0,0,0,0.00804088342506,0.000917256331451,0.0,0.00652800609916,1
bMUgNg7aD8M,0.0,0.0,0,0,0.00108253413447,0.000463035933782,0.0,0.00424988467403,1
8sw4sLM8U-A,0.761128873501,0.0539063071695,1,1,0.00737683776116,0.000799587309776,0.0,0.00417848852205,1
hhtG4k7sQbc,0.0,0.0,0,1,0.0096567122523,0.000502372313704,0.0,0.0042422550935,1
-eMcy_AORrQ,0.161188129096,0.0106380568228,0,0,0.00800613010622,0.00438619669186,0.0,0.0105295143476,1
qC0g5l9kq94,0.0534270400306,0.00511445039559,0,0,0.00178938299423,0.00238584399231,0.0,0.00483796142886,1
Mdo7gLYKTQo,0.11261047922,0.00654649650635,1,1,0.0409075742409,0.002002002002,0.0,0.0177510844178,1
1jQ67cdzDyI,0.13511299167,0.00828540964085,1,1,0.0215336466047,0.000870365192608,0.0,0.0130554778891,1
YnQonCwvbBc,0.0265763099025,0.00296638122944,1,0,0.0,0.0,0.0,0.000278706800446,1
sE2Wfn-Krh0,0.0,0.0,0,0,0.00176965049403,0.00117976699602,0.0,0.00250700486654,1
HMGZUQ81jAo,0.0484964825702,0.00797854261712,0,0,0.00991040592622,0.000350367886281,0.0,0.00375394163872,1
lyXOGZCbV5M,0.0540093798127,0.0061373404747,1,1,0.017701839452,0.00107750327099,0.0,0.0185484491649,1
a59GoFzsTts,0.0,0.0,0,0,0.00747351299072,0.00114300786917,0.0,0.0082208642898,1
XE9mZCRX2mg,0.0162951898108,0.0,1,0,0.0,0.0,0.0,0.0001931842748,1
-VC4ea24_mQ,0.0128514001147,0.00255722519779,1,1,0.00670765237121,0.00116913290961,0.0,0.00688599467945,1
vpUrnZHc0I4,0.170206652652,0.0292546562628,1,0,0.00360440238238,0.000766176442243,0.0,0.00489340991885,1
rVtKiujQHiU,0.195038524231,0.0153433511868,1,1,0.0216040248594,0.000591891092039,0.0,0.0140574134359,1
aiqo7hezqjA,0.267703371292,0.0215829806694,1,0,0.00678419789551,0.00106147314011,0.0,0.00669189588333,1
BctcZ9ljxXc,0.761128873501,0.0539063071695,1,1,0.0102262358013,0.000818098864101,0.0,0.00619867216261,1
mtwdGUXliV8,0.0,0.0,0,0,0.00285560344828,0.000269396551724,0.0,0.00215517241379,1
JYEc3Dw_KlQ,0.0,0.0,1,1,0.00578822137019,0.000493139200868,0.0,0.00320540480564,1
wmuE-kNgeSA,0.0916900704835,0.0206623795982,0,0,0.00294818227967,0.00169862157835,0.0,0.00492014526143,1
tCAffMSWSzY,0.0102811200917,0.00317095924526,0,0,0.00254388557548,0.00172778681955,0.0,0.00697213083651,1
lbNIr4XtbkY,0.0,0.0,0,0,0.00387243735763,0.000455580865604,0.0,0.019589977221,1
DUDuf658crM,0.0334136402981,0.00910372170415,0,0,0.0156166179889,0.00828515229183,0.0,0.0262263813554,1
WdVYm0PHWOc,0.494475515136,0.042859094315,1,1,0.0217735450799,0.00109307468087,0.0,0.0107045934265,1
slPdMGVoGLw,0.0,0.0,1,1,0.00715461464496,0.00228165387311,0.0,0.00540263042097,1
CkLJAMMCRsI,0.0,0.0,1,1,0.0241203733925,0.00110973301129,0.0,0.0118480318559,1
UF8LiDgKh2Y,0.0,0.0,1,1,0.00313661245854,0.000259719502937,0.0,0.00429536101011,1
kXO3Ix_GIyI,0.0162951898108,0.0,1,1,0.00112797374897,0.000830153012091,0.0,0.0044378856511,1
9xbilaD6sWA,0.0162951898108,0.0,1,0,0.0026877164096,0.000193709290782,0.0,0.00305092132981,1
Nbst1iOdY0s,0.0,0.0,1,1,0.0210073489873,0.0086395411364,0.0,0.0296110414053,1
0kp_B911F_Q,0.0608467102083,0.0110472128545,1,1,0.028314028314,0.002574002574,0.0,0.00643500643501,1
Sgm8dVJuV7Q,0.0,0.0,0,1,0.0250425104344,0.010202504251,0.0,0.0440562683568,1
bqzYqRH-e-g,0.32953825781,0.0165708192817,1,1,0.0326891290041,0.00110959763694,0.0,0.00683167786468,1
LbsEoXRxdPw,0.0,0.0,1,1,0.00224619803366,0.000441875023014,0.0,0.00622307324079,1
6Lwwn-jNaqk,0.248255561676,0.0249585179305,1,1,0.0303409802471,0.00330164513007,0.0,0.0187282973758,1
1lLiseLaHQc,0.0,0.0,0,0,0.00940279542567,0.00762388818297,0.0,0.016913737117,1
a6q_t0Azung,0.159620194026,0.0108426348386,1,0,0.000696864111498,0.001393728223,0.0,0.00348432055749,1
vCze-OqnEjA,0.694671349079,0.0634191849053,1,1,0.0222758034907,0.00110511366231,0.0,0.00870391173704,1
IZ9mySkxTOw,0.179953100936,0.0404041581251,1,1,0.0616296296296,0.00622222222222,0.0,0.0242962962963,1
XIhI9u5ipSE,0.0,0.0,0,0,0.0192423331329,0.00571256764883,0.0,0.0284125075165,1
pbDLCpuHt7w,0.0,0.0,1,1,0.00167584998603,0.000609399994922,0.0,0.00589086661758,1
v0C_XWW7MLw,0.0282898299178,0.00296638122944,0,1,0.0137373737374,0.00222222222222,0.0,0.0258585858586,1
tm_udTuh7kQ,0.0,0.0,0,0,0.0,0.0,0.0,0.0,0
GuUK1_85U80,0.107951760963,0.078233558739,1,0,0.00324911769649,0.000242750172726,0.0,0.000821615969227,0
0-bVRSmpNPQ,0.0,0.0154018029687,1,0,0.00158873287818,0.000128816179312,0.0,0.00145991669887,0
Nh6H0GiTgcs,0.011994640107,0.0386337144202,0,0,0.00334696913351,0.0,0.0,0.000743770918557,0
043KLT0zoHY,0.0,0.0040531060444,1,0,0.00142576601297,0.000161407473166,0.0,0.00129125978533,0
AvQDwt7wO7g,0.0257028002293,0.0352501781551,1,0,0.00219458668617,0.0,0.0,0.0,0
S1dcmr-Eysw,0.0,0.0,0,0,0.00168049574625,0.00010503098414,0.0,0.000420123936561,0
wZbGXrxR4U4,0.0,0.0,0,0,0.00235849056604,0.0,0.0,0.00589622641509,0
jxHjCzjJ0A0,0.0,0.00697134239637,0,0,0.00147072341208,9.19202132549e-05,0.0,0.00036768085302,0
d-Ml3qhjMv8,0.0,0.0,1,0,0.00701402805611,0.0,0.0,0.00100200400802,0
bSl2idw80HY,0.0599732005351,0.0509431582892,1,0,0.00223046173455,0.000173802213082,0.0,0.00666241816812,0
XvbD8MfZEAc,0.0,0.0,1,0,0.0,0.0,0.0,0.000781442542934,0
FYGofKL8FN8,0.0205622401835,0.0492971517068,1,0,0.00189493206467,0.000120953110511,0.0,0.00709591581664,0
Q-NVUEziJJo,0.0,0.00697134239637,0,0,0.000870170553428,0.0,0.0,0.0,0
-sdcLzvY64c,0.0325568802905,0.0255207238976,0,0,0.00269127258747,9.61168781238e-05,0.0,0.000384467512495,0
NAOtyQ-EWDw,0.0257028002293,0.0149498850135,0,0,0.00303951367781,0.0,0.0,0.0,0
Z8fSKepNbeE,0.0,0.0,0,0,0.0123907863384,0.000158856235107,0.0,0.00455387873974,0
K_WspXQnIaQ,0.0839624807491,0.0474957872883,1,0,0.00182903350019,9.62649210628e-05,0.0,0.00288794763188,0
G6TjuAgg_M0,0.0,0.0,0,0,0.0,0.0,0.0,0.00183418928833,0
9yV28svumVY,0.0822489607338,0.0673752340419,0,0,0.00196014374387,0.000653381247958,0.0,0.00490035935969,0
a0GHhWJx8oY,0.0102811200917,0.0106634372866,0,0,0.00207146556189,0.0,0.0,0.00310719834283,0
AKPHC6tMk2Q,0.0,0.0,0,0,0.00370398367224,0.000377957517575,0.0,0.00143623856679,0
DkCLdd4Q1Gc,0.0,0.0,1,0,0.0,0.0,0.0,0.0,0
p8Y6LR46ic0,0.0,0.0,0,0,0.00462820117248,0.0,0.0,0.00123418697933,0
tNloTxzzeeo,0.0,0.0,0,0,0.00332225913621,0.00664451827243,0.0,0.00332225913621,0
ehyHRjR5844,0.0,0.00502585149506,0,0,0.00226659471128,5.39665407447e-05,0.0,0.000809498111171,0
OfLVfHolIMo,0.0308433602752,0.00910372170415,0,1,0.00526154082495,0.000384054074814,0.0,0.00462785160151,0
ROpiDjj6wUw,0.0,0.0,0,0,0.000757288905718,0.000757288905718,0.0,0.00189322226429,0
MEg-uWjPDFI,0.0,0.0,0,0,0.00173869846001,0.0,0.0,0.000745156482861,0
pT9SpPJvHck,0.0,0.0,0,0,0.00181323662738,0.0,0.0,0.000302206104563,0
ipBOotJDJ1k,0.0102811200917,0.0106634372866,0,0,0.00222237398485,0.000125204168161,0.0,0.0012890338222,0
J4dFgmnEmhA,0.13108428117,0.105806062048,0,0,0.00375469336671,0.0,0.0,0.00500625782228,0
GM6rQeB1tWo,0.0,0.0,1,1,0.0022896393818,0.0,0.0,0.0034344590727,0
kj8-Jx3nOss,0.0,0.00502585149506,0,0,0.00171174255392,0.0,0.0,0.000513522766176,0
GyWVFdqzhBw,0.0,0.0,1,0,0.0044369893404,0.00021643850441,0.0,0.00652020994535,0
Nrbm7oeVEyc,0.0,0.00697134239637,0,0,0.00131356727341,0.000281478701445,0.0,0.00121974103959,0
91SheA3KjS0,0.0248460402217,0.0140389745477,0,0,0.00181323662738,0.0,0.0,0.00090661831369,0
wh4BY_iUE2U,0.0,0.0081062120888,1,0,0.00158040300277,0.000790201501383,0.0,0.000790201501383,0
MaJ_cA87KfI,0.0,0.0,0,0,0.00452689227263,0.000117581617471,0.0,0.000904473980545,0
MiWqpRs1DDc,0.0,0.0131320635839,0,0,0.00347088314693,0.00071197603014,0.0,0.00136462072444,0
y6aRFY4zaVA,0.0,0.00502585149506,0,0,0.00286776420605,0.000637280934679,0.0,0.00148698884758,0
qyy41uEUONg,0.0,0.0,0,0,0.00542299349241,0.00325379609544,0.0,0.00325379609544,0
aN4FkV6YO1o,0.0,0.0,0,0,0.00181257930034,0.0,0.0,0.0,0
6Vnsb62AKxM,0.0,0.0,0,0,0.00341149170505,9.52446922731e-05,0.0,0.00350673639733,0
4AH8IAFTsDQ,0.0,0.0,0,0,0.00144637323915,0.000144369972115,0.0,0.00277778520422,0
_S3GeL8AjEQ,0.0,0.0,0,0,0.00324675324675,0.0,0.0,0.0004329004329,0
-OIXeFTD8pE,0.0,0.0,0,0,0.0,0.0,0.0,0.00139017608897,0
5sUob1S_CI4,0.0822489607338,0.0735399547314,1,0,0.00440293109413,0.000534641632858,0.0,0.0,0
22WXHMxgei4,0.0,0.00502585149506,0,0,0.00154266049602,0.000118666192002,0.0,0.00124599501602,0
YvIjqN6llMI,0.128514001147,0.157803181983,1,1,0.00263252363288,0.000299150412828,0.0,0.00317099437597,0
bAqlCH1OujU,0.173065521544,0.12926469963,1,1,0.0116975429563,0.00195891867689,0.0,0.000727598365702,0
iPvo-yBNOWU,0.2690226424,0.145318999067,0,0,0.00970873786408,0.0,0.0,0.0,0
684qCLfBgNE,0.0428380003822,0.0280278044669,0,1,0.00254885301614,0.000424808836024,0.0,0.000424808836024,0
1GeImYQuOxM,0.392396083501,0.188017660742,1,1,0.00794007490637,0.00166934189406,0.0,0.00457387449362,0
krFN7jHKNNo,0.0753948806727,0.0362784511881,1,1,0.00448050417981,0.000101110278783,0.0,0.000487966997605,0
BRv5BLik1Dw,0.0,0.0,1,1,0.00337943796261,0.000748808179651,0.0,0.000707643332079,0
QKgBkxt508E,0.0,0.0,1,1,0.000854855579693,0.000147504492182,0.0,0.000439161101724,0
B2h5YK-y3kU,0.0753948806727,0.0325495936273,0,0,0.001414427157,0.0,0.0,0.0002357378595,0
efRorhCZcfE,0.0222757601988,0.00654649650635,1,1,0.00247778839687,0.000601748610669,0.0,0.0019114367633,0
Skbt1UvuxDM,0.0102811200917,0.0106634372866,1,0,0.000986193293886,0.0,0.0,0.0,0
kPLwX82cFpE,0.0,0.0,1,1,0.0042047179586,0.00233729307728,0.0,0.00209633502807,0
QxbP_XNJdjs,0.0,0.0,1,1,0.00184620548827,0.000111891241713,0.0,0.000671347450278,0
dharkT0N4_U,0.0,0.0,0,1,0.00269088462832,0.0,0.0,0.00201816347124,0
O-oWpDNxjUY,0.0,0.0040531060444,1,0,0.0109289617486,0.00273224043716,0.0,0.0983606557377,0
8KC9qEzSue8,0.0,0.0,0,0,0.00112485939258,0.0,0.0,0.00337457817773,0
pn6eehNVvXE,0.194484521735,0.0852928837368,1,0,0.00503018108652,0.0,0.0,0.00251509054326,0
HeK6OPQuvlc,0.0342704003058,0.00951287773579,0,1,0.00678866587957,0.000590318772137,0.0,0.00118063754427,0
7-SofI70ea4,0.0,0.0,0,1,0.0051589657502,0.000266137122034,0.0,0.00165823899114,0
HUQ563y1y64,0.023989280214,0.0227936836036,1,1,0.00198306765312,0.000533902829685,0.0,0.00137289299062,0
szdW22mqNBQ,0.261311802331,0.102983191002,0,1,0.00180533664219,0.00018444615849,0.0,0.000899873682328,0
vBbz5o49bEg,0.0231325202064,0.00531902841141,1,1,0.00210084033613,0.000262605042017,0.0,0.000656512605042,0
eerVV6bRH6Y,0.0,0.0,1,1,0.000875520723011,0.000225940831745,0.0,0.000536609475394,0
I3rRtN3G044,0.0,0.0,1,1,0.00117233294256,0.000586166471278,0.0,0.00117233294256,0
1SwLZzthILw,0.0,0.0,1,1,0.0108658475624,0.00415691020548,0.0,0.00413060064722,0
6vvoRrafamg,0.0325568802905,0.034225288325,1,0,0.011981865285,0.000647668393782,0.0,0.00323834196891,0
qK_jFJofafM,0.0154216801376,0.00734373575739,0,0,0.00307838029837,0.00023679848449,0.0,0.00189438787592,0
w-l-q7nEaxg,0.0162784401452,0.00685336353009,1,0,0.00505050505051,0.0,0.0,0.0021645021645,0
qpc32eCeh-o,0.0531191204739,0.0246944128303,0,1,0.0221012883163,0.000666370501999,0.0,0.00144380275433,0
0S1t54THJZY,0.0162784401452,0.0199854271139,0,1,0.00760546957812,0.0,0.0,0.000900996396014,0
5f3cChVh3UM,0.0,0.0040531060444,1,1,0.0467728426858,0.000764705687623,0.0,0.00517086703059,0
xqgmUURct4I,0.0779651606956,0.0670048404319,1,1,0.00946389853063,0.000316393854515,0.0,0.00132140962768,0
cu36dWouerU,0.011994640107,0.00742864330549,1,1,0.0,0.0,0.0,0.0,0
4WLzYQvMv5g,0.0102811200917,0.0319017129593,0,1,0.0222259781966,0.000253528268402,0.0,0.00194371672441,0
fpbOEoRrHyU,0.0788219207033,0.0468743623864,1,1,0.0120601871224,0.000123409264621,0.0,0.00125138779632,0
8bUuvfDmsAs,0.0,0.0,1,1,0.0181035449854,0.00645052726049,0.0,0.0160001121831,0
uQjkCziopLA,0.0,0.0,0,0,0.0708114997876,0.00269083699193,0.0,0.00481518198555,0
NtaTC9ZA95A,0.0,0.0,1,1,0.0644820295983,0.0,0.0,0.00528541226216,0
cyyhwkyJ-Oc,0.0102811200917,0.028497103882,0,0,0.00873907615481,0.0,0.0,0.00249687890137,0
-ErsLyxYm4o,0.0,0.0040531060444,1,1,0.026784700942,0.00224151628646,0.0,0.0162297128589,0
EJuT1x6Q7bY,0.0,0.0,0,0,0.00271985494107,0.00453309156845,0.0,0.00317316409791,0
09qEFPq7O3s,0.118232881055,0.0533316436932,1,0,0.0123858182381,0.000464468183929,0.0,0.000154822727976,0
RAKCP4jpji4,0.0,0.0,1,1,0.00301871603944,0.000201247735963,0.0,0.0,0
NAxMyTwmu_M,0.190200721697,0.0921077929948,0,1,0.0396252381138,0.000576915600824,0.0,0.00742215138203,0
VUtSz6sdhoY,0.0102811200917,0.0288367340743,1,0,0.00413650465357,0.0165460186143,0.0,0.00723888314374,0
lho2KuFFxe4,0.0908165608103,0.0559359384661,1,1,0.0302647817794,0.00200549758779,0.0,0.01825984517,0
7YcwfZEurU0,0.0428380003822,0.0410749605027,1,1,0.0288438146211,0.000805863033694,0.0,0.0121639703199,0
Lba8MTQ0dmY,0.177349321582,0.0699526076033,1,1,0.0407874356711,0.000482987192512,0.0,0.00324767250137,0
u9i-RFTYye0,0.011994640107,0.0192984758748,0,0,0.0714285714286,0.0,0.0,0.0,0
c5lhtYYNOdE,0.0599732005351,0.0368884938832,1,1,0.0540010416782,0.000742472766764,0.0,0.00800097518811,0
yqFnrcv2klo,0.0,0.0,1,1,0.00958300958301,0.000518000518001,0.0,0.002072002072,0
aUaBVtnssyk,0.0,0.0,0,1,0.0926111668338,0.00178312715926,0.0,0.0135406218656,0
5Z_nBhfpmk4,0.220187321965,0.194915326944,0,1,0.0179131973482,0.00272697523906,0.0,0.00885963955447,0
sBKPacCuXsw,0.162784401452,0.091432532112,1,1,0.0150093293821,0.00109757436066,0.0,0.00760070244759,0
MdzeBc0oqao,0.0531191204739,0.043767237877,1,1,0.0391792656587,0.00190064794816,0.0,0.00768898488121,0
vxaFnc-MoVE,0.062543480558,0.0292763453741,1,0,0.0227899159664,0.000336134453782,0.0,0.000739495798319,0
mc2aso6W7jQ,0.146505961307,0.122604840058,1,1,0.040533357983,0.000458880661316,0.0,0.00501632492712,0
sSQ7Obxo5pk,0.0,0.0,1,1,0.0412489258092,0.0011458034947,0.0,0.0274992838728,0
LAybz05ULbk,0.0839624807491,0.0487155645289,1,1,0.0194990875519,0.00129323351487,0.0,0.0067248142773,0
6IAqN3_waBA,0.110522040986,0.0777953308911,1,0,0.00874622005117,0.00065131425913,0.0,0.00451267736683,0
QvW8bjGRhog,0.0,0.0,1,1,0.0101958552663,0.000379380661071,0.0,0.00142267747902,0
il75oFcTZpg,0.0,0.0,1,1,0.0601055909029,0.000812237714905,0.0,0.00304589143089,0
7X0_m9RdZ9M,0.0,0.0225352696069,0,1,0.0126939351199,0.000235072872591,0.0,0.000470145745181,0
rz4Ej3IVefo,0.0,0.0,1,1,0.0941944758817,0.00050469519469,0.0,1.83525525342e-05,0
-ft-bU9tn5c,0.0214190001911,0.0118270706457,1,1,0.0438424840301,0.000800517506267,0.0,0.0101560604835,0
xjOxNiHUsZw,0.681124206077,1.0,1,1,0.0238421755429,0.000434488403426,0.0,0.00255044091859,0
dU3fuWYDTwQ,0.0,0.0,1,1,0.00952380952381,0.0,0.0,0.0,0
9sogCXsvp9w,0.0,0.0081062120888,1,1,0.00811759100163,0.000895216368021,0.0,0.00142079500989,0
JEPAFHFXJkA,0.0,0.0,1,1,0.00723528593293,0.00027828022819,0.0,0.00055656045638,0
8KHgEbH-f38,0.050548840451,0.0204193473103,1,0,0.00706235912847,0.000300525920361,0.0,0.000901577761082,0
jH6YitCL5VU,0.0428380003822,0.0284195790387,1,0,0.021629785642,0.00149648741149,0.0,0.0100042954731,0
MqnnsFiiIwY,0.0111378800994,0.0110725933182,0,1,0.0139251862542,0.00245738580957,0.0,0.0189569762453,0
ZvmNzN6xeMU,0.0257028002293,0.0422409017623,1,1,0.0288999577449,0.00234323981715,0.0,0.0231250880316,0
VJMku3K1_8A,0.0,0.0040531060444,0,1,0.0210843373494,0.00216081718177,0.0,0.0218046097433,0
RhifPGRnXIA,0.0,0.00437735452795,1,1,0.0105315122593,0.000658219516209,0.0,0.00238604574626,0
QGT6g8XHkoY,0.0,0.0,0,0,0.00904977375566,0.00239552834709,0.0,0.0210274154911,0
QxzOVSMUrGM,0.0,0.0,1,0,0.00846488476415,0.000866647449701,0.0,0.00432381716753,0
ktJh1H6LtkM,0.0222757601988,0.0396893676679,1,0,0.0146190739716,0.00119904076739,0.0,0.0165559859804,0
VOb7UCRUASA,0.0,0.0040531060444,0,0,0.00679611650485,0.00233009708738,0.0,0.0106796116505,0
NH3mFX2-tFI,0.0,0.0,1,1,0.0173058933583,0.00140318054256,0.0,0.00748362956034,0
_bbgsYV9DXk,0.0,0.0,1,0,0.0157930510575,0.00115948982448,0.0,0.0173123825517,0
rIVfbH9Lytg,0.0488353204357,0.0327294074784,0,1,0.0131910822486,0.00113066419273,0.0,0.00640709709216,0
TOXZjDIXV1A,0.0,0.0,0,0,0.00470748584609,0.00107989096247,0.0,0.0112078003774,0
tm_udTuh7kQ,0.0,0.0,0,0,0.0,0.0,0.0,0.0,0
bnGjZMjEgVw,0.375260883348,0.223984170102,0,1,0.0400214487667,0.0149653894901,0.0,0.0551330798479,0
8dVbd7jTKe0,0.0736813606574,0.0357670061486,1,1,0.0,0.0,0.0,3.0959752322e-05,0
6xs4HFCgvLo,0.0,0.0,1,1,0.00217137472602,0.000665751684864,0.0,0.00479341213102,0
z1gFBN-Erts,0.179062841598,0.096601126638,1,0,0.0040793621361,0.00185425551641,0.0,0.00871500092713,0
aCgbWqXf0ls,0.258741522309,0.118600646044,1,1,0.0213100906159,0.00946475195822,0.0,0.0147442789126,0
r4BikcoO2EA,0.258741522309,0.11262343006,1,1,0.006416131989,0.000305530094714,0.0,0.00366636113657,0
EHcjRa5AghE,0.0,0.0,1,1,0.00225806451613,0.000709677419355,0.0,0.00451612903226,0
EfxzruwZPw4,0.0,0.0,0,0,0.00152728627305,0.000633265040045,0.0,0.00271931458372,0
R3_sJ-hcQXo,0.0,0.0,1,1,0.0157081608516,0.000924009461857,0.0,0.0135274985216,0
byrO8bRUdCM,0.0,0.0,1,1,0.00262129680004,0.000494584301894,0.0,0.00395667441515,0
kbvU8HFROwI,0.0,0.0,1,1,0.00105724495988,0.000687748634617,0.0,0.00301530577844,0
01uImw6FgVg,0.0,0.0,1,1,0.00310229848599,0.000185673724847,0.0,0.000557021174541,0
QEzYcrq3A38,0.0214190001911,0.0138691594515,1,0,0.00158096060005,0.00100167036287,0.0,0.00321027140888,0
OV-u4PGTaDc,0.195341281743,0.137682086394,1,1,0.013168438485,0.000427373257118,0.0,0.0035525401998,0
2KZ5BTNSHtQ,0.241606322156,0.137364912465,1,1,0.0139004726161,0.000834028356964,0.0,0.00973033083125,0
glsGDw8f6ns,0.0,0.0,0,1,0.000227630223457,1.45916809908e-05,0.0,0.000930949247215,0
klJjmFQf3dA,0.0,0.0081062120888,1,1,0.0123131046614,0.00263852242744,0.0,0.00703605980651,0
QBRY6VsNsL8,0.0445515203975,0.0238550279548,1,1,0.00911770754782,0.00137108384178,0.0,0.00754096112977,0
OLmzXhHXazM,0.011994640107,0.00763322132131,1,1,0.0111904880851,0.00199830144377,0.0,0.0139381525703,0
Gm7NYbHIzTw,0.0394109603516,0.0310058760527,0,0,0.0180873925501,0.00107449856734,0.0,0.0154011461318,0
-PYoJecwyhY,0.0222757601988,0.00634191849053,1,1,0.0229892731562,0.000645391017937,0.0,0.0149775225887,0
ym4tE0SQCZY,0.0,0.0,1,0,0.00128024015539,0.000338454293955,0.0,2.943080817e-05,0
kDtt54n5P_g,0.0436947603899,0.0353889216841,1,1,0.028433080398,0.0012695975671,0.0,0.0133160116921,0
65m_e_1yzQk,0.0359839203211,0.0201087889341,1,1,0.00521178811712,0.000829148109542,0.0,0.0109210651,0
qmOd5P-2c0U,0.0359839203211,0.0201087889341,1,1,0.00106158656293,0.000130880535156,0.0,0.00215225768923,0
XKQqgVlk0NQ,0.0222757601988,0.00675107452218,1,1,0.000944560126388,0.000441018025914,0.0,0.00196839184731,0
bfRL6dnjbXs,0.0,0.0,1,0,0.021758657003,0.000851762373784,0.0,0.0107476924983,0
MYaYdaFFLoQ,0.0,0.0,1,1,0.000611293650187,0.000219143006671,0.0,0.00197949571157,0
