rumorScore
2.40397196996
0.172017140379
0.172017140379
0.272640716983
0.172017140379
1.99309236549
2.00231839769
10.6802602428
0.0
0.444657857362
0.258025710569
0.0
7.17139064319
0.372703804155
12.3520815713
0.0
0.0
0.76030285944
3.38552596323
0.568001493714
0.0
5.16092400815
0.568001493714
0.295360776731
1.22740053183
0.172017140379
1.21901523378
0.45899261906
1.03537941082
0.0
4.04468794066
6.88357443036
5.98095856477
4.66595436249
0.0
0.602059991328
0.0
8.18911553975
2.45699983737
1.34830833378
3.65001844286
3.32467328719
2.39390520361
0.0
1.11811141247
1.39941767221
0.186351902078
6.6192326434
1.26201951888
3.48502856097
0.0
0.0
5.18823549199
1.57766452096
0.0
2.54919493191
0.272640716983
4.67537427136
4.12578165802
1.60038458071
5.75862963609
16.7313618404
0.0
4.0868514916
1.01265935108
2.56676307814
2.45480106367
1.95392513838
0.0
0.0
0.0
2.10158393473
0.0
0.831696423216
5.88904371495
0.215021425474
0.0
1.66367309115
7.15345588421
0.0
0.0
12.7347225897
0.0
2.69689691228
0.893907138813
1.88412667486
2.26062435297
0.444657857362
0.0
0.811412197869
0.903650476422
0.0
0.272640716983
0.215021425474
2.84778909317
3.26326012172
4.47904197098
12.7347225897
0.0
0.0
1.53409974643
0.172017140379
0.0
0.559055706233
8.27324876497
0.0
0.0
0.0
0.272640716983
0.272640716983
0.0
1.01804832529
0.0
5.51362383167
0.0
4.15365363129
0.0
2.67066322329
11.6227977016
3.01086044607
0.0
0.0
0.473327380759
0.0
1.80617997398
0.0
0.200686663776
0.0
0.430042850949
0.0
0.0
0.0
0.0
1.00343331888
0.0
0.344034280759
0.0
0.544720944535
0.430042850949
0.0
1.40480664643
0.0
1.37613712304
0.172017140379
0.0
0.0
0.0
0.0
0.0
0.516051421138
0.0
0.0
0.0
0.172017140379
2.19321853984
0.0
0.0
0.0
0.0
0.41570808925
0.0
0.0
0.0
0.0
0.0
0.0
0.0
0.0
0.0
0.0
1.37613712304
0.0
2.15021425474
2.89562186305
4.50111517326
0.716738084914
6.56532085781
1.26145902945
0.0
0.0
1.26145902945
0.372703804155
0.172017140379
0.0
0.0
0.0
0.0
0.0
3.25399090551
0.573390467931
0.0
0.401373327552
4.37210231798
0.387038565854
0.0
0.0
0.0
0.544720944535
0.258025710569
0.272360472267
0.888755225294
0.272360472267
0.0
1.30446331454
0.200686663776
0.172017140379
1.31879807624
0.0
0.0
0.0
0.172017140379
0.0
0.0
1.97819711436
0.0
3.18231709702
0.172017140379
1.51948474002
0.716738084914
2.96729567154
0.200686663776
1.00343331888
0.0
0.0
3.68403375646
2.72360472267
0.888755225294
1.04643760397
2.45124425041
0.0
1.40480664643
1.84918425908
0.0
0.0
0.0
0.0
0.358369042457
11.3961355501
0.0
0.0
0.0
0.845750940199
0.716738084914
0.186351902078
0.430042850949
0.0
0.0
0.0
0.0
0.372703804155
0.0
0.0
0.0
0.817081416802
0.0
0.0
6.27862562385
1.23278950605
0.0
2.99596519494
4.32909803288
4.32909803288
0.0
0.0
0.0
0.0
0.0
0.0
0.358369042457
3.26832566721
4.04240279892
0.0
0.0
0.745407608311
0.200686663776
0.659399038121
0.372703804155
0.0
0.731072846613
0.602059991328
0.602059991328
0.372703804155
0.0
0.0
